20	105.631804
20.290906698750476	105.63144812295226
20.586044732869844	105.63900669834517
20.885475648548283	105.65410083395211
21.189261887185914	105.66950877937369
21.49746679841394	105.68630623212415
21.810154653305165	105.70667618685322
22.12739065777668	105.73992429006194
22.449240966187475	105.7817470597668
22.77577269513385	105.83507255795296
23.107053937445478	105.89392899286746
23.44315377638505	105.95312733952588
23.784142300054445	106.0076707025617
24.130090616010463	106.05683686710181
24.481070866093134	106.09846026210315
24.837156241469714	106.1359375473929
25.1984209978975	106.17053797644792
25.56494047120865	106.204859034374
25.936791093020236	106.23968095154729
26.3140504066728	106.2748614315935
26.69679708340074	106.30898403934229
27.08511093873791	106.34131807940118
27.47907294916184	106.37075865128655
27.878765268980047	106.39841665192553
28.284271247461966	106.42565707690002
28.695675446220072	106.45389559680048
29.11306365684382	106.48368593209268
29.536522918790062	106.51490294369285
29.966141537533712	106.54633298260288
30.402009102982383	106.57667068716522
30.844216508158908	106.60435236289
31.29285596815558	106.62901822672077
31.74802103936409	106.64919005269847
32.20980663898519	106.66503532373889
32.67830906482211	106.67723417086785
33.153626015361866	106.68812898619
33.63585661014871	106.70019313648076
34.125101410453844	106.71387981190907
34.62146244024586	106.72653881696131
35.12504320746613	106.73412593380456
35.635948725613716	106.73470926958399
36.15428553564419	106.73028773912543
36.68016172818701	106.72506519598679
37.21368696608603	106.7220498412621
37.754972507267915	106.72089185239055
38.30413122794313	106.71948090745376
38.86127764614443	106.71459059325475
39.4265279456077	106.70661914094224
40.000000000000206	106.695707
40.58181339750116	106.68229809586924
41.1720894657399	106.66731267062814
41.77095129709678	106.65178388722897
42.37852377437204	106.63615449637368
42.9949335968281	106.619237979569
43.62030930661056	106.60057586475877
44.25478131555359	106.58260760454823
44.89848193237519	106.56653571723024
45.55154539026795	106.54865836529667
46.21410787489121	106.52303045597502
46.88630755277036	106.48824290019951
47.56828460010916	106.45117533230668
48.260181232021196	106.41734891062707
48.962141732186545	106.3901985408242
49.674312482939705	106.36804206951149
50.39684199579528	106.3477501323246
51.129880942417586	106.32429661192737
51.873582186040764	106.29562780473054
52.628100813345895	106.26403922694607
53.393594166801776	106.23077669698259
54.17022187747612	106.19499812727595
54.95814589832399	106.1561675470043
55.75753053796041	106.11539876069514
56.56854249492426	106.07217481495228
57.39135089244048	106.02753612117087
58.226127313687975	105.98297321455944
59.073045837580466	105.94013788037007
59.932283075067765	105.89783677193134
60.804018205965114	105.8621395713028
61.68843301631817	105.83465763765508
62.58571193631152	105.80348052269167
63.49604207872855	105.76574598751093
64.41961327797075	105.72624422298912
65.35661812964459	105.68706239904304
66.3072520307241	105.64718241080838
67.27171322029778	105.60580604942349
68.25020282090806	105.56320210914268
69.2429248804921	105.51939266338265
70.25008641493265	105.4735354369427
71.27189745122783	105.42487199944937
72.30857107128878	105.37329117244889
73.36032345637442	105.31989890437413
74.42737393217246	105.26625086475262
75.50994501453623	105.21250760983833
76.60826245588666	105.15774182387744
77.72255529228926	105.10119017868342
78.85305589121582	105.0423813457115
80.00000000000082	104.98213699999995
81.16362679500274	104.92090389589721
82.34417893148023	104.85848139839882
83.541902594194	104.79564302566895
84.75704754874454	104.73270726149572
85.98986719365665	104.66891514770495
87.24061861322157	104.603285020886
88.50956263110764	104.53620590626852
89.79696386475084	104.4688791130864
91.10309078053635	104.40192233602208
92.42821574978288	104.33582012957031
93.77261510554118	104.27033439692303
95.13656920021877	104.20600617701363
96.52036246404286	104.14340080551376
97.92428346437356	104.08207426049577
99.34862496587989	104.02139998502709
100.79368399159105	103.9611901423739
102.25976188483567	103.90119184969751
103.74716437208203	103.8408646680676
105.25620162669229	103.77921543235912
106.78718833360406	103.71569624677089
108.34044375495276	103.65042725306621
109.9162917966485	103.583684558746
111.51506107592134	103.51502874111328
113.13708498984903	103.44359467679034
114.78270178488147	103.36851132195963
116.45225462737648	103.28403071713547
118.14609167516147	103.19540280364455
119.86456615013608	103.11580036092421
121.60803641193078	103.05130928410951
123.3768660326369	103.00133715196843
125.17142387262359	102.94707196169527
126.99208415745765	102.88345491502496
128.83922655594208	102.81605269258174
130.71323625928977	102.74740450456005
132.61450406144883	102.67861559622582
134.5434264405962	102.60993858130254
136.50040564181674	102.54098032728058
138.48584976098482	102.47196435090207
140.50017282986593	102.40375099565789
142.5437949024563	102.33669430579734
144.61714214257822	102.27071791110987
146.7206469127495	102.2053941723793
148.8547478643456	102.13997244711183
151.01989002907314	102.07438097157358
153.216524911774	102.00862362212534
155.4451105845792	101.94275331982445
157.70611178243232	101.87675943633121
160.00000000000236	101.81031099999994
162.3272535900062	101.74330378373512
164.6883578629612	101.67610098046569
167.08380518838874	101.60886411497457
169.51409509748981	101.54147821120462
171.97973438731407	101.47359447192387
174.4812372264439	101.40484677099688
177.01912526221608	101.33530269676979
179.5939277295025	101.26597669586585
182.20618156107355	101.19770851243223
184.85643149956664	101.12944544324215
187.54523021108326	101.05946370203638
190.27313840043846	100.98714814139463
193.04072492808663	100.91259853799158
195.84856692874806	100.8356720982406
198.69724993176072	100.75650690660734
201.58736798318304	100.67547678985136
204.5195237696723	100.5930678235009
207.49432874416505	100.50976923181864
210.5124032533856	100.42611597641802
213.57437666720915	100.342584642107
216.68088750990657	100.26118794350425
219.83258359329807	100.18175143010954
223.03012215184378	100.11158766992573
226.2741699796992	100.05297246901786
229.5654035697641	100.0142710883233
232.90450925475412	99.99583130517898
236.2921833503241	99.99182218304455
239.72913230027333	99.99324765762154
243.21607282386276	99.99363427414248
246.75373206527502	99.9835369102527
250.34284774524843	99.9574773554818
253.9841683149166	99.91937366671064
257.67845311188546	99.87400900738771
261.42647251858085	99.82668314100542
265.22900812289896	99.77974671561302
269.08685288119375	99.73437411864317
273.0008112836349	99.69098555729867
276.97169952197106	99.64900935601612
281.00034565973334	99.60891914436924
285.0875898049141	99.57048272787446
289.23428428515797	99.53425305820056
293.44129382550057	99.49932511938547
297.7094957286928	99.46723688762197
302.0397800581479	99.4398413848891
306.4330498235497	99.41826517324245
310.89022116916016	99.39953081715983
315.41222356486645	99.3817318856692
320.00000000000654	99.365415
324.6545071800142	99.35130718873738
329.3767157259242	99.33872647871904
334.16761037677935	99.32745848707378
339.02819019498156	99.31761899499078
343.95946877463007	99.30914420077166
348.9624744528898	99.30202369478494
354.03825052443415	99.29674800954832
359.187855459007	99.29364864001913
364.4123631221491	99.2923841211163
369.71286299913527	99.29294688198146
375.0904604221685	99.29576968478798
380.54627680087896	99.30244526582851
386.08144985617537	99.311942837968
391.6971338574982	99.32404187728964
397.3944998635236	99.33711215387032
403.1747359663683	99.35188730713415
409.0390475393468	99.36864736610761
414.9886574883323	99.38778692600823
421.0248065067734	99.40908409989747
427.1487533344206	99.43215672700656
433.3617750198154	99.45806016733471
439.6651671865984	99.48790348494832
446.06024430368984	99.52161580211838
452.54833995940066	99.5598738872433
459.13080713953053	99.60299629415614
465.8090185095106	99.64970727544456
472.58436670065066	99.70018629558612
479.45826460054917	99.75450558765336
486.432145647728	99.81220320054359
493.50746413055253	99.87176063689246
500.6856954904994	99.93275426443047
507.9683366298358	99.99635447983043
515.3569062237735	100.06271528419984
522.8529450371643	100.13065313061341
530.4580162458005	100.19970995557509
538.1737057623901	100.2707894027747
546.0016225672724	100.34476197376429
553.9433990439449	100.41985796264318
562.0006913194694	100.49468970566313
570.1751796098309	100.56916977513376
578.4685685703187	100.64097725410926
586.8825876510039	100.70750341060742
595.4189914573883	100.76540928324962
604.0795601162986	100.81300634684283
612.8660996471021	100.85033144962016
621.780442338323	100.88543159410163
630.8244471297356	100.92362419057814
640.0000000000159	100.96128800000005
649.3090143600314	100.99085063690315
658.7534314518515	101.00966776632707
668.3352207535618	101.0166452105988
678.0563803899662	101.00993499649462
687.9189375492632	100.98813431790708
697.9249489057827	100.9499077401388
708.0765010488715	100.89299309968015
718.3757109180171	100.81444827167238
728.8247262443015	100.71075781827781
739.425725998274	100.57756790407558
750.1809208443404	100.41142387162728
761.0925536017613	100.21473987256933
772.1628997123541	100.0036626232728
783.3942677149998	99.79769319366069
794.7889997270506	99.60616461635593
806.34947193274	99.43210654717888
818.0780950786972	99.2693687743076
829.9773149766683	99.11019985618843
842.0496130135506	98.9501179877611
854.2975066688449	98.78745356887327
866.7235500396347	98.62293898197849
879.3303343732008	98.45836835523126
892.1204886073838	98.29752050302996
905.0966799188055	98.14063017153212
918.2616142790653	97.99162563173411
931.6180370190256	97.85229863939271
945.1687334013056	97.725168582885
958.9165292011028	97.61270598876061
972.8642912954606	97.51656841296634
987.0149282611097	97.43731398206008
1001.3713909810035	97.3772126761324
1015.9366732596762	97.33575563219645
1030.7138124475518	97.31424651044657
1045.7058900743334	97.31387906756414
1060.916032491606	97.33221597407223
1076.3474115247852	97.36996855431737
1092.0032451345498	97.42546219233083
1107.8867980878947	97.49716759037106
1124.0013826389438	97.58548477203969
1140.350359219667	97.68691073100197
1156.9371371406426	97.80413738969756
1173.765175302013	97.93009875329577
1190.837982914782	98.07006332740434
1208.1591202326028	98.21600801696181
1225.73219929421	98.37240285510828
1243.5608846766518	98.5339103174559
1261.648894259477	98.69830861969639
1280.0000000000375	98.86355400000033
1298.6180287200684	99.02911934191447
1317.5068629037087	99.19684785923812
1336.6704415071292	99.36365197248394
1356.112760779938	99.52930316394169
1375.8378750985323	99.69325968380858
1395.8498978115715	99.85541649644301
1416.153002097749	100.01520316747414
1436.7514218360407	100.17507739812352
1457.6494524886093	100.33368055125553
1478.8514519965543	100.4924365055343
1500.3618416886875	100.65188942191413
1522.1851072035295	100.81355006233373
1544.3257994247153	100.97783731029826
1566.788535430007	101.14538889286025
1589.5779994541087	101.31749222809283
1612.6989438654878	101.49570196771388
1636.156190157402	101.68143576078624
1659.9546299533442	101.87585858258745
1684.099226027109	102.0799132356049
1708.5950133376978	102.29421264551851
1733.4471000792773	102.51893908526775
1758.6606687464096	102.75390054290669
1784.2409772147755	102.99863542654565
1810.193359837619	103.2521771345643
1836.5232285581387	103.51301822391908
1863.2360740380593	103.77917365709877
1890.3374668026197	104.048140749158
1917.833058402214	104.31717329904535
1945.7285825909298	104.58344536984684
1974.0298565222283	104.84409036037718
2002.7427819620161	105.09475687682072
2031.8733465193618	105.33391098232326
2061.4276248951132	105.557768223788
2091.411780148677	105.76384811889278
2121.832064983222	105.95053837283305
2152.694823049581	106.11147958884497
2184.0064902691106	106.25698466252406
2215.7735961758003	106.37035819242506
2248.002765277899	106.46576182523884
2280.7007184393456	106.53322017312253
2313.874274281297	106.57617498282916
2347.530350604038	106.59571230647195
2381.6759658295764	106.5913145071286
2416.318240465218	106.5691344671592
2451.4643985884327	106.52500254680973
2487.1217693533167	106.46580162098175
2523.2977885189675	106.38923019078217
2560.0000000000887	106.30018849999978
2597.236057440151	106.19968892219438
2635.0137258074315	106.08978511897824
2673.340883014273	105.97133346708574
2712.225521559891	105.84739773550528
2751.6757501970797	105.71856745046061
2791.699795623158	105.58640396127275
2832.3060041955137	105.45186268745422
2873.502843672097	105.31584892902957
2915.2989049772345	105.1788309599487
2957.7029039931244	105.04115212382608
3000.723683377391	104.90301989244486
3044.370214407075	104.76474412151677
3088.6515988494466	104.62643176297074
3133.57707086003	104.48785610341717
3179.1559989082334	104.34904752283141
3225.3978877309914	104.20981723342969
3272.3123803148205	104.0707111962329
3319.9092599067053	103.93265767785657
3368.198452054235	103.79684214622564
3417.190026675413	103.66475601352923
3466.8942001585724	103.53817905606194
3517.3213374928373	103.41851099115115
3568.4819544295697	103.30599776703603
3620.386719675257	103.19863159422417
3673.0464571162966	103.09056429640529
3726.472148076138	102.97095051092454
3780.6749336052594	102.8198771489721
3835.6661168044484	102.63386233887798
3891.45716518188	102.37862311261856
3948.059713044477	102.0773900131486
4005.4855639240527	101.72251209511867
4063.746693038744	101.3611808531815
4122.855249790247	101.0475998892764
4182.823560297375	100.84904658781062
4243.664129966465	100.83496721083819
4305.389646099183	101.0095791459847
4368.012980538242	101.33144950662131
4431.5471923516225	101.7128949471631
4496.00553055582	102.08164505026654
4561.401436878714	102.40527352382058
4627.748548562617	102.68897910666648
4695.060701208099	102.93865714713388
4763.351931659176	103.17273433603445
4832.63648093046	103.40133301647134
4902.928797176889	103.63090629604362
4974.243538706657	103.86089784543265
5046.595577037959	104.07845217755991
5120.000000000202	104.26446828571473
5194.472114880326	104.37816056669222
5270.027451614888	104.36266293877493
5346.6817660285715	104.17363342365928
5424.451043119808	103.78070485900723
5503.351500394186	103.1726117014371
5583.399591246343	102.40786577896365
5664.612008391055	101.61308784698006
5747.005687344222	100.90352739012634
5830.597809954497	100.34142844803583
5915.405807986278	99.95432799199817
6001.447366754812	99.71864738750311
6088.740428814181	99.5850526524026
6177.303197698925	99.49662031696056
6267.154141720092	99.42894551419732
6358.3119978165005	99.37505899685661
6450.795775462017	99.3367258917879
6544.624760629676	99.32325189106959
6639.818519813445	99.34730968603911
6736.396904108505	99.4235809144839
6834.380053350861	99.56777671668331
6933.788400317181	99.79588485919878
7034.642674985712	100.13161650387138
7136.963908859177	100.58683527033948
7240.773439350552	101.13217422889466
7346.092914232631	101.75633401516207
7452.944296152315	102.43431546666602
7561.349867210557	103.12302722914599
7671.332233608935	103.76502995551034
7782.914330363799	104.30528285323744
7896.119426088994	104.68211578072622
8010.971127848146	104.8295221890606
8127.49338607753	104.7342274130003
8245.710499580537	104.41026978196872
8365.647120594791	103.88537982998857
8487.328259932974	103.21920602406192
8610.77929219841	102.43982682802714
8736.025961076528	101.5774274573038
8863.094384703289	100.66851454132697
8992.011061111683	99.74389921423519
9122.802873757471	98.83966416447538
9255.497097125279	97.98662089380744
9390.121402416245	97.21353502510664
9526.7038633184	96.54642608840669
9665.272961860968	95.99434880291484
9805.857594353829	95.5565213707638
9948.487077413367	95.23027764282712
10093.19115407597	95.01979015107564
10240.000000000457	94.9111419999998
10388.944229760706	94.90572775303812
10540.05490322983	95.01395746234297
10693.363532057198	95.23265950162882
10848.902086239672	95.58005797486133
11006.703000788428	96.07089756777411
11166.799182492743	96.70458431307435
11329.224016782166	97.50185205601026
11494.0113746885	98.4111972388088
11661.195619909053	99.41576154045916
11830.811615972614	100.38509925858656
12002.894733509682	101.21039731498959
12177.48085762842	101.80423247234694
12354.606395397908	101.91122957565403
12534.308283440243	101.6452618688948
12716.62399563306	100.92769072412625
12901.591550924093	99.89316324485851
13089.249521259411	98.73714618201133
13279.637039626952	97.55375842914309
13472.793808217073	96.40993578115194
13668.760106701786	95.37531730453567
13867.576800634426	94.47485167786823
14069.285349971487	93.73387267373126
14273.927817718419	93.11602500295
14481.54687870117	92.69264225078584
14692.18582846533	92.55149321044121
14905.888592304698	92.75362275604064
15122.699734421185	93.34084277362179
15342.664467217943	94.22791924840851
15565.828660727671	95.23111203493352
15792.238852178061	96.20036280035315
16021.942255696367	97.18821492213581
16254.986772155136	98.34183248187003
16491.42099916115	99.57367371930953
16731.294241189662	100.49632693247736
16974.65651986603	100.72291372764194
17221.558584396902	100.06935873045576
17472.051922153143	98.67929080226301
17726.188769406665	96.97349234758082
17984.022122223458	95.39312310079417
18245.605747515034	94.10653179608076
18510.99419425065	92.9719992196701
18780.242804832582	91.67514273223102
19053.40772663689	89.93658058064874
19330.545923722028	87.61471326977315
19611.71518870775	84.77724559724392
19896.974154826825	83.293199
20186.382308152035	83.293199